4.376045260981397123e-01 6.689394895100057026e-01 7.442660790796413739e-01 6.182690131367306607e-01 6.754413906196798933e-01
1.800381003551550618e+00 1.753992294958979681e+00 1.802511813599285917e+00 2.099002814140826345e+00 1.820417072503548894e+00
3.213172526187336064e+00 3.213488290766356226e+00 3.200757136109388945e+00 3.167006870352310433e+00 3.204135116097557301e+00
1.887154759420278660e+00 1.861271426098355608e+00 1.909218505049314896e+00 1.897194490033216940e+00 1.893427868771476952e+00
6.871362103438461988e-01 6.136392718624960052e-01 6.441750515073488836e-01 6.570028508339408324e-01 6.854035033972938340e-01
8.547989584106728600e+00 2.459728481132258082e+01 2.457901881906597907e+01 2.454481787920388669e+01 2.457640230798503467e+01
3.259732028182524388e+00 3.199082083644954277e+00 3.257484572333062989e+00 3.227564676600626292e+00 3.247641984927902126e+00
1.883742465344844907e+00 1.873740882649934214e+00 1.899993455900158335e+00 1.851663823087054572e+00 1.899863564344369538e+00
2.931084343980339124e+00 2.940362008930578419e+00 2.948914857745509543e+00 3.056110303573141618e+00 3.067051822815914708e+00
1.794714576611692758e+00 1.780646649201094389e+00 1.819542801243489549e+00 1.814480517406050986e+00 1.810464817330237342e+00
