2.309381775401934789e+00 2.309381775401934789e+00 2.309381775401934789e+00 2.309381775401934789e+00 2.309381775401934789e+00 2.309381775401934789e+00 2.309381775401934789e+00 2.309381775401934789e+00 2.309381775401934789e+00 2.309381775401934789e+00 2.309381775401934789e+00 2.309381775401934789e+00
5.964318395909485204e+00 5.964318395909485204e+00 5.964318395909485204e+00 5.964318395909485204e+00 5.964318395909485204e+00 5.964318395909485204e+00 5.964318395909485204e+00 5.964318395909485204e+00 5.964318395909485204e+00 5.964318395909485204e+00 5.964318395909485204e+00 5.964318395909485204e+00
7.121320343559641941e+00 7.121320343559641941e+00 7.121320343559641941e+00 7.121320343559641941e+00 7.121320343559641941e+00 7.121320343559641941e+00 7.121320343559641941e+00 7.121320343559641941e+00 7.121320343559641941e+00 7.121320343559641941e+00 7.121320343559641941e+00 7.121320343559641941e+00
7.974334584121431035e+00 7.974334584121431035e+00 7.974334584121431035e+00 7.974334584121431035e+00 7.974334584121431035e+00 7.974334584121431035e+00 7.974334584121431035e+00 7.974334584121431035e+00 7.974334584121431035e+00 7.974334584121431035e+00 7.974334584121431035e+00 7.974334584121431035e+00
2.102222521132794952e+00 2.102222521132794952e+00 2.102222521132794952e+00 2.102222521132794952e+00 2.102222521132794952e+00 2.102222521132794952e+00 2.102222521132794952e+00 2.102222521132794952e+00 2.102222521132794952e+00 2.102222521132794952e+00 2.102222521132794952e+00 2.102222521132794952e+00
7.380060020873706605e+00 7.380060020873706605e+00 7.380060020873706605e+00 7.380060020873706605e+00 7.380060020873706605e+00 7.380060020873706605e+00 7.380060020873706605e+00 7.380060020873706605e+00 7.380060020873706605e+00 7.380060020873706605e+00 7.380060020873706605e+00 7.380060020873706605e+00
3.333289300941194355e+00 3.333289300941194355e+00 3.333289300941194355e+00 3.333289300941194355e+00 3.333289300941194355e+00 3.333289300941194355e+00 3.333289300941194355e+00 3.333289300941194355e+00 3.333289300941194355e+00 3.333289300941194355e+00 3.333289300941194355e+00 3.333289300941194355e+00
7.993576769715810215e+00 7.993576769715810215e+00 7.993576769715810215e+00 7.993576769715810215e+00 7.993576769715810215e+00 7.993576769715810215e+00 7.993576769715810215e+00 7.993576769715810215e+00 7.993576769715810215e+00 7.993576769715810215e+00 7.993576769715810215e+00 7.993576769715810215e+00
6.826284287026162190e+00 6.826284287026162190e+00 6.826284287026162190e+00 6.826284287026162190e+00 6.826284287026162190e+00 6.826284287026162190e+00 6.826284287026162190e+00 6.826284287026162190e+00 6.826284287026162190e+00 6.826284287026162190e+00 6.826284287026162190e+00 6.826284287026162190e+00
6.978037445300206087e+00 6.978037445300206087e+00 6.978037445300206087e+00 6.978037445300206087e+00 6.978037445300206087e+00 6.978037445300206087e+00 6.978037445300206087e+00 6.978037445300206087e+00 6.978037445300206087e+00 6.978037445300206087e+00 6.978037445300206087e+00 6.978037445300206087e+00
7.494408836907636484e+00 7.494408836907636484e+00 7.494408836907636484e+00 7.494408836907636484e+00 7.494408836907636484e+00 7.494408836907636484e+00 7.494408836907636484e+00 7.494408836907636484e+00 7.494408836907636484e+00 7.494408836907636484e+00 7.494408836907636484e+00 7.494408836907636484e+00
7.598076211353316012e+00 7.598076211353316012e+00 7.598076211353316012e+00 7.598076211353316012e+00 7.598076211353316012e+00 7.598076211353316012e+00 7.598076211353316012e+00 7.598076211353316012e+00 7.598076211353316012e+00 7.598076211353316012e+00 7.598076211353316012e+00 7.598076211353316012e+00
5.391578576660155164e+00 5.391578576660155164e+00 5.391578576660155164e+00 5.391578576660155164e+00 5.391578576660155164e+00 5.391578576660155164e+00 5.391578576660155164e+00 5.391578576660155164e+00 5.391578576660155164e+00 5.391578576660155164e+00 5.391578576660155164e+00 5.391578576660155164e+00
7.942355841209691292e+00 7.942355841209691292e+00 7.942355841209691292e+00 7.942355841209691292e+00 7.942355841209691292e+00 7.942355841209691292e+00 7.942355841209691292e+00 7.942355841209691292e+00 7.942355841209691292e+00 7.942355841209691292e+00 7.942355841209691292e+00 7.942355841209691292e+00
5.196209387690429615e+00 5.196209387690429615e+00 5.196209387690429615e+00 5.196209387690429615e+00 5.196209387690429615e+00 5.196209387690429615e+00 5.196209387690429615e+00 5.196209387690429615e+00 5.196209387690429615e+00 5.196209387690429615e+00 5.196209387690429615e+00 5.196209387690429615e+00
5.776457135307561330e+00 5.776457135307561330e+00 5.776457135307561330e+00 5.776457135307561330e+00 5.776457135307561330e+00 5.776457135307561330e+00 5.776457135307561330e+00 5.776457135307561330e+00 5.776457135307561330e+00 5.776457135307561330e+00 5.776457135307561330e+00 5.776457135307561330e+00
4.414729033951614312e+00 4.414729033951614312e+00 4.414729033951614312e+00 4.414729033951614312e+00 4.414729033951614312e+00 4.414729033951614312e+00 4.414729033951614312e+00 4.414729033951614312e+00 4.414729033951614312e+00 4.414729033951614312e+00 4.414729033951614312e+00 4.414729033951614312e+00
5.000000000000000000e+00 5.000000000000000000e+00 5.000000000000000000e+00 5.000000000000000000e+00 5.000000000000000000e+00 5.000000000000000000e+00 5.000000000000000000e+00 5.000000000000000000e+00 5.000000000000000000e+00 5.000000000000000000e+00 5.000000000000000000e+00 5.000000000000000000e+00
3.500000000000000000e+00 3.500000000000000000e+00 3.500000000000000000e+00 3.500000000000000000e+00 3.500000000000000000e+00 3.500000000000000000e+00 3.500000000000000000e+00 3.500000000000000000e+00 3.500000000000000000e+00 3.500000000000000000e+00 3.500000000000000000e+00 3.500000000000000000e+00
5.196209387690427839e+00 5.196209387690427839e+00 5.196209387690427839e+00 5.196209387690427839e+00 5.196209387690427839e+00 5.196209387690427839e+00 5.196209387690427839e+00 5.196209387690427839e+00 5.196209387690427839e+00 5.196209387690427839e+00 5.196209387690427839e+00 5.196209387690427839e+00
3.673133929342996318e+00 3.673133929342996318e+00 3.673133929342996318e+00 3.673133929342996318e+00 3.673133929342996318e+00 3.673133929342996318e+00 3.673133929342996318e+00 3.673133929342996318e+00 3.673133929342996318e+00 3.673133929342996318e+00 3.673133929342996318e+00 3.673133929342996318e+00
5.964318395909484316e+00 5.964318395909484316e+00 5.964318395909484316e+00 5.964318395909484316e+00 5.964318395909484316e+00 5.964318395909484316e+00 5.964318395909484316e+00 5.964318395909484316e+00 5.964318395909484316e+00 5.964318395909484316e+00 5.964318395909484316e+00 5.964318395909484316e+00
6.148050297095268846e+00 6.148050297095268846e+00 6.148050297095268846e+00 6.148050297095268846e+00 6.148050297095268846e+00 6.148050297095268846e+00 6.148050297095268846e+00 6.148050297095268846e+00 6.148050297095268846e+00 6.148050297095268846e+00 6.148050297095268846e+00 6.148050297095268846e+00
4.035681604090514796e+00 4.035681604090514796e+00 4.035681604090514796e+00 4.035681604090514796e+00 4.035681604090514796e+00 4.035681604090514796e+00 4.035681604090514796e+00 4.035681604090514796e+00 4.035681604090514796e+00 4.035681604090514796e+00 4.035681604090514796e+00 4.035681604090514796e+00
2.878679656440358059e+00 2.878679656440358059e+00 2.878679656440358059e+00 2.878679656440358059e+00 2.878679656440358059e+00 2.878679656440358059e+00 2.878679656440358059e+00 2.878679656440358059e+00 2.878679656440358059e+00 2.878679656440358059e+00 2.878679656440358059e+00 2.878679656440358059e+00
2.744480577563067847e+00 2.744480577563067847e+00 2.744480577563067847e+00 2.744480577563067847e+00 2.744480577563067847e+00 2.744480577563067847e+00 2.744480577563067847e+00 2.744480577563067847e+00 2.744480577563067847e+00 2.744480577563067847e+00 2.744480577563067847e+00 2.744480577563067847e+00
5.585270966048384800e+00 5.585270966048384800e+00 5.585270966048384800e+00 5.585270966048384800e+00 5.585270966048384800e+00 5.585270966048384800e+00 5.585270966048384800e+00 5.585270966048384800e+00 5.585270966048384800e+00 5.585270966048384800e+00 5.585270966048384800e+00 5.585270966048384800e+00
2.025665415878568965e+00 2.025665415878568965e+00 2.025665415878568965e+00 2.025665415878568965e+00 2.025665415878568965e+00 2.025665415878568965e+00 2.025665415878568965e+00 2.025665415878568965e+00 2.025665415878568965e+00 2.025665415878568965e+00 2.025665415878568965e+00 2.025665415878568965e+00
2.505591163092363516e+00 2.505591163092363516e+00 2.505591163092363516e+00 2.505591163092363516e+00 2.505591163092363516e+00 2.505591163092363516e+00 2.505591163092363516e+00 2.505591163092363516e+00 2.505591163092363516e+00 2.505591163092363516e+00 2.505591163092363516e+00 2.505591163092363516e+00
2.159209611514683047e+00 2.159209611514683047e+00 2.159209611514683047e+00 2.159209611514683047e+00 2.159209611514683047e+00 2.159209611514683047e+00 2.159209611514683047e+00 2.159209611514683047e+00 2.159209611514683047e+00 2.159209611514683047e+00 2.159209611514683047e+00 2.159209611514683047e+00
5.585270966048385688e+00 5.585270966048385688e+00 5.585270966048385688e+00 5.585270966048385688e+00 5.585270966048385688e+00 5.585270966048385688e+00 5.585270966048385688e+00 5.585270966048385688e+00 5.585270966048385688e+00 5.585270966048385688e+00 5.585270966048385688e+00 5.585270966048385688e+00
4.223542864692437782e+00 4.223542864692437782e+00 4.223542864692437782e+00 4.223542864692437782e+00 4.223542864692437782e+00 4.223542864692437782e+00 4.223542864692437782e+00 4.223542864692437782e+00 4.223542864692437782e+00 4.223542864692437782e+00 4.223542864692437782e+00 4.223542864692437782e+00
8.000000000000000000e+00 8.000000000000000000e+00 8.000000000000000000e+00 8.000000000000000000e+00 8.000000000000000000e+00 8.000000000000000000e+00 8.000000000000000000e+00 8.000000000000000000e+00 8.000000000000000000e+00 8.000000000000000000e+00 8.000000000000000000e+00 8.000000000000000000e+00
2.057644158790308708e+00 2.057644158790308708e+00 2.057644158790308708e+00 2.057644158790308708e+00 2.057644158790308708e+00 2.057644158790308708e+00 2.057644158790308708e+00 2.057644158790308708e+00 2.057644158790308708e+00 2.057644158790308708e+00 2.057644158790308708e+00 2.057644158790308708e+00
3.021962554699793913e+00 3.021962554699793913e+00 3.021962554699793913e+00 3.021962554699793913e+00 3.021962554699793913e+00 3.021962554699793913e+00 3.021962554699793913e+00 3.021962554699793913e+00 3.021962554699793913e+00 3.021962554699793913e+00 3.021962554699793913e+00 3.021962554699793913e+00
5.391578576660154276e+00 5.391578576660154276e+00 5.391578576660154276e+00 5.391578576660154276e+00 5.391578576660154276e+00 5.391578576660154276e+00 5.391578576660154276e+00 5.391578576660154276e+00 5.391578576660154276e+00 5.391578576660154276e+00 5.391578576660154276e+00 5.391578576660154276e+00
5.000000000000000888e+00 5.000000000000000888e+00 5.000000000000000888e+00 5.000000000000000888e+00 5.000000000000000888e+00 5.000000000000000888e+00 5.000000000000000888e+00 5.000000000000000888e+00 5.000000000000000888e+00 5.000000000000000888e+00 5.000000000000000888e+00 5.000000000000000888e+00
3.173715712973837810e+00 3.173715712973837810e+00 3.173715712973837810e+00 3.173715712973837810e+00 3.173715712973837810e+00 3.173715712973837810e+00 3.173715712973837810e+00 3.173715712973837810e+00 3.173715712973837810e+00 3.173715712973837810e+00 3.173715712973837810e+00 3.173715712973837810e+00
4.803790612309570385e+00 4.803790612309570385e+00 4.803790612309570385e+00 4.803790612309570385e+00 4.803790612309570385e+00 4.803790612309570385e+00 4.803790612309570385e+00 4.803790612309570385e+00 4.803790612309570385e+00 4.803790612309570385e+00 4.803790612309570385e+00 4.803790612309570385e+00
6.826284287026162190e+00 6.826284287026162190e+00 6.826284287026162190e+00 6.826284287026162190e+00 6.826284287026162190e+00 6.826284287026162190e+00 6.826284287026162190e+00 6.826284287026162190e+00 6.826284287026162190e+00 6.826284287026162190e+00 6.826284287026162190e+00 6.826284287026162190e+00
7.840790388485316953e+00 7.840790388485316953e+00 7.840790388485316953e+00 7.840790388485316953e+00 7.840790388485316953e+00 7.840790388485316953e+00 7.840790388485316953e+00 7.840790388485316953e+00 7.840790388485316953e+00 7.840790388485316953e+00 7.840790388485316953e+00 7.840790388485316953e+00
7.255519422436932153e+00 7.255519422436932153e+00 7.255519422436932153e+00 7.255519422436932153e+00 7.255519422436932153e+00 7.255519422436932153e+00 7.255519422436932153e+00 7.255519422436932153e+00 7.255519422436932153e+00 7.255519422436932153e+00 7.255519422436932153e+00 7.255519422436932153e+00
7.840790388485316953e+00 7.840790388485316953e+00 7.840790388485316953e+00 7.840790388485316953e+00 7.840790388485316953e+00 7.840790388485316953e+00 7.840790388485316953e+00 7.840790388485316953e+00 7.840790388485316953e+00 7.840790388485316953e+00 7.840790388485316953e+00 7.840790388485316953e+00
3.173715712973838698e+00 3.173715712973838698e+00 3.173715712973838698e+00 3.173715712973838698e+00 3.173715712973838698e+00 3.173715712973838698e+00 3.173715712973838698e+00 3.173715712973838698e+00 3.173715712973838698e+00 3.173715712973838698e+00 3.173715712973838698e+00 3.173715712973838698e+00
2.000000000000000000e+00 2.000000000000000000e+00 2.000000000000000000e+00 2.000000000000000000e+00 2.000000000000000000e+00 2.000000000000000000e+00 2.000000000000000000e+00 2.000000000000000000e+00 2.000000000000000000e+00 2.000000000000000000e+00 2.000000000000000000e+00 2.000000000000000000e+00
2.401923788646683988e+00 2.401923788646683988e+00 2.401923788646683988e+00 2.401923788646683988e+00 2.401923788646683988e+00 2.401923788646683988e+00 2.401923788646683988e+00 2.401923788646683988e+00 2.401923788646683988e+00 2.401923788646683988e+00 2.401923788646683988e+00 2.401923788646683988e+00
6.666710699058806533e+00 6.666710699058806533e+00 6.666710699058806533e+00 6.666710699058806533e+00 6.666710699058806533e+00 6.666710699058806533e+00 6.666710699058806533e+00 6.666710699058806533e+00 6.666710699058806533e+00 6.666710699058806533e+00 6.666710699058806533e+00 6.666710699058806533e+00
7.897777478867205048e+00 7.897777478867205048e+00 7.897777478867205048e+00 7.897777478867205048e+00 7.897777478867205048e+00 7.897777478867205048e+00 7.897777478867205048e+00 7.897777478867205048e+00 7.897777478867205048e+00 7.897777478867205048e+00 7.897777478867205048e+00 7.897777478867205048e+00
2.006423230284189785e+00 2.006423230284189785e+00 2.006423230284189785e+00 2.006423230284189785e+00 2.006423230284189785e+00 2.006423230284189785e+00 2.006423230284189785e+00 2.006423230284189785e+00 2.006423230284189785e+00 2.006423230284189785e+00 2.006423230284189785e+00 2.006423230284189785e+00
3.500000000000000000e+00 3.500000000000000000e+00 3.500000000000000000e+00 3.500000000000000000e+00 3.500000000000000000e+00 3.500000000000000000e+00 3.500000000000000000e+00 3.500000000000000000e+00 3.500000000000000000e+00 3.500000000000000000e+00 3.500000000000000000e+00 3.500000000000000000e+00
7.897777478867205048e+00 7.897777478867205048e+00 7.897777478867205048e+00 7.897777478867205048e+00 7.897777478867205048e+00 7.897777478867205048e+00 7.897777478867205048e+00 7.897777478867205048e+00 7.897777478867205048e+00 7.897777478867205048e+00 7.897777478867205048e+00 7.897777478867205048e+00
6.148050297095270622e+00 6.148050297095270622e+00 6.148050297095270622e+00 6.148050297095270622e+00 6.148050297095270622e+00 6.148050297095270622e+00 6.148050297095270622e+00 6.148050297095270622e+00 6.148050297095270622e+00 6.148050297095270622e+00 6.148050297095270622e+00 6.148050297095270622e+00
6.666710699058805645e+00 6.666710699058805645e+00 6.666710699058805645e+00 6.666710699058805645e+00 6.666710699058805645e+00 6.666710699058805645e+00 6.666710699058805645e+00 6.666710699058805645e+00 6.666710699058805645e+00 6.666710699058805645e+00 6.666710699058805645e+00 6.666710699058805645e+00
3.333289300941193467e+00 3.333289300941193467e+00 3.333289300941193467e+00 3.333289300941193467e+00 3.333289300941193467e+00 3.333289300941193467e+00 3.333289300941193467e+00 3.333289300941193467e+00 3.333289300941193467e+00 3.333289300941193467e+00 3.333289300941193467e+00 3.333289300941193467e+00
4.608421423339844836e+00 4.608421423339844836e+00 4.608421423339844836e+00 4.608421423339844836e+00 4.608421423339844836e+00 4.608421423339844836e+00 4.608421423339844836e+00 4.608421423339844836e+00 4.608421423339844836e+00 4.608421423339844836e+00 4.608421423339844836e+00 4.608421423339844836e+00
2.228361402466140007e+00 2.228361402466140007e+00 2.228361402466140007e+00 2.228361402466140007e+00 2.228361402466140007e+00 2.228361402466140007e+00 2.228361402466140007e+00 2.228361402466140007e+00 2.228361402466140007e+00 2.228361402466140007e+00 2.228361402466140007e+00 2.228361402466140007e+00
6.326866070657003682e+00 6.326866070657003682e+00 6.326866070657003682e+00 6.326866070657003682e+00 6.326866070657003682e+00 6.326866070657003682e+00 6.326866070657003682e+00 6.326866070657003682e+00 6.326866070657003682e+00 6.326866070657003682e+00 6.326866070657003682e+00 6.326866070657003682e+00
7.771638597533860882e+00 7.771638597533860882e+00 7.771638597533860882e+00 7.771638597533860882e+00 7.771638597533860882e+00 7.771638597533860882e+00 7.771638597533860882e+00 7.771638597533860882e+00 7.771638597533860882e+00 7.771638597533860882e+00 7.771638597533860882e+00 7.771638597533860882e+00
7.255519422436932153e+00 7.255519422436932153e+00 7.255519422436932153e+00 7.255519422436932153e+00 7.255519422436932153e+00 7.255519422436932153e+00 7.255519422436932153e+00 7.255519422436932153e+00 7.255519422436932153e+00 7.255519422436932153e+00 7.255519422436932153e+00 7.255519422436932153e+00
3.851949702904730266e+00 3.851949702904730266e+00 3.851949702904730266e+00 3.851949702904730266e+00 3.851949702904730266e+00 3.851949702904730266e+00 3.851949702904730266e+00 3.851949702904730266e+00 3.851949702904730266e+00 3.851949702904730266e+00 3.851949702904730266e+00 3.851949702904730266e+00
3.673133929342997206e+00 3.673133929342997206e+00 3.673133929342997206e+00 3.673133929342997206e+00 3.673133929342997206e+00 3.673133929342997206e+00 3.673133929342997206e+00 3.673133929342997206e+00 3.673133929342997206e+00 3.673133929342997206e+00 3.673133929342997206e+00 3.673133929342997206e+00
7.494408836907636484e+00 7.494408836907636484e+00 7.494408836907636484e+00 7.494408836907636484e+00 7.494408836907636484e+00 7.494408836907636484e+00 7.494408836907636484e+00 7.494408836907636484e+00 7.494408836907636484e+00 7.494408836907636484e+00 7.494408836907636484e+00 7.494408836907636484e+00
3.851949702904729378e+00 3.851949702904729378e+00 3.851949702904729378e+00 3.851949702904729378e+00 3.851949702904729378e+00 3.851949702904729378e+00 3.851949702904729378e+00 3.851949702904729378e+00 3.851949702904729378e+00 3.851949702904729378e+00 3.851949702904729378e+00 3.851949702904729378e+00
7.121320343559642829e+00 7.121320343559642829e+00 7.121320343559642829e+00 7.121320343559642829e+00 7.121320343559642829e+00 7.121320343559642829e+00 7.121320343559642829e+00 7.121320343559642829e+00 7.121320343559642829e+00 7.121320343559642829e+00 7.121320343559642829e+00 7.121320343559642829e+00
4.608421423339845724e+00 4.608421423339845724e+00 4.608421423339845724e+00 4.608421423339845724e+00 4.608421423339845724e+00 4.608421423339845724e+00 4.608421423339845724e+00 4.608421423339845724e+00 4.608421423339845724e+00 4.608421423339845724e+00 4.608421423339845724e+00 4.608421423339845724e+00
2.619939979126294283e+00 2.619939979126294283e+00 2.619939979126294283e+00 2.619939979126294283e+00 2.619939979126294283e+00 2.619939979126294283e+00 2.619939979126294283e+00 2.619939979126294283e+00 2.619939979126294283e+00 2.619939979126294283e+00 2.619939979126294283e+00 2.619939979126294283e+00
4.223542864692438670e+00 4.223542864692438670e+00 4.223542864692438670e+00 4.223542864692438670e+00 4.223542864692438670e+00 4.223542864692438670e+00 4.223542864692438670e+00 4.223542864692438670e+00 4.223542864692438670e+00 4.223542864692438670e+00 4.223542864692438670e+00 4.223542864692438670e+00
7.380060020873704829e+00 7.380060020873704829e+00 7.380060020873704829e+00 7.380060020873704829e+00 7.380060020873704829e+00 7.380060020873704829e+00 7.380060020873704829e+00 7.380060020873704829e+00 7.380060020873704829e+00 7.380060020873704829e+00 7.380060020873704829e+00 7.380060020873704829e+00
7.771638597533859993e+00 7.771638597533859993e+00 7.771638597533859993e+00 7.771638597533859993e+00 7.771638597533859993e+00 7.771638597533859993e+00 7.771638597533859993e+00 7.771638597533859993e+00 7.771638597533859993e+00 7.771638597533859993e+00 7.771638597533859993e+00 7.771638597533859993e+00
4.803790612309573049e+00 4.803790612309573049e+00 4.803790612309573049e+00 4.803790612309573049e+00 4.803790612309573049e+00 4.803790612309573049e+00 4.803790612309573049e+00 4.803790612309573049e+00 4.803790612309573049e+00 4.803790612309573049e+00 4.803790612309573049e+00 4.803790612309573049e+00
4.414729033951614312e+00 4.414729033951614312e+00 4.414729033951614312e+00 4.414729033951614312e+00 4.414729033951614312e+00 4.414729033951614312e+00 4.414729033951614312e+00 4.414729033951614312e+00 4.414729033951614312e+00 4.414729033951614312e+00 4.414729033951614312e+00 4.414729033951614312e+00
5.776457135307563107e+00 5.776457135307563107e+00 5.776457135307563107e+00 5.776457135307563107e+00 5.776457135307563107e+00 5.776457135307563107e+00 5.776457135307563107e+00 5.776457135307563107e+00 5.776457135307563107e+00 5.776457135307563107e+00 5.776457135307563107e+00 5.776457135307563107e+00
7.974334584121431035e+00 7.974334584121431035e+00 7.974334584121431035e+00 7.974334584121431035e+00 7.974334584121431035e+00 7.974334584121431035e+00 7.974334584121431035e+00 7.974334584121431035e+00 7.974334584121431035e+00 7.974334584121431035e+00 7.974334584121431035e+00 7.974334584121431035e+00
7.690618224598065211e+00 7.690618224598065211e+00 7.690618224598065211e+00 7.690618224598065211e+00 7.690618224598065211e+00 7.690618224598065211e+00 7.690618224598065211e+00 7.690618224598065211e+00 7.690618224598065211e+00 7.690618224598065211e+00 7.690618224598065211e+00 7.690618224598065211e+00
7.598076211353316012e+00 7.598076211353316012e+00 7.598076211353316012e+00 7.598076211353316012e+00 7.598076211353316012e+00 7.598076211353316012e+00 7.598076211353316012e+00 7.598076211353316012e+00 7.598076211353316012e+00 7.598076211353316012e+00 7.598076211353316012e+00 7.598076211353316012e+00
7.690618224598065211e+00 7.690618224598065211e+00 7.690618224598065211e+00 7.690618224598065211e+00 7.690618224598065211e+00 7.690618224598065211e+00 7.690618224598065211e+00 7.690618224598065211e+00 7.690618224598065211e+00 7.690618224598065211e+00 7.690618224598065211e+00 7.690618224598065211e+00
6.978037445300206976e+00 6.978037445300206976e+00 6.978037445300206976e+00 6.978037445300206976e+00 6.978037445300206976e+00 6.978037445300206976e+00 6.978037445300206976e+00 6.978037445300206976e+00 6.978037445300206976e+00 6.978037445300206976e+00 6.978037445300206976e+00 6.978037445300206976e+00
4.035681604090514796e+00 4.035681604090514796e+00 4.035681604090514796e+00 4.035681604090514796e+00 4.035681604090514796e+00 4.035681604090514796e+00 4.035681604090514796e+00 4.035681604090514796e+00 4.035681604090514796e+00 4.035681604090514796e+00 4.035681604090514796e+00 4.035681604090514796e+00
6.499999999999999112e+00 6.499999999999999112e+00 6.499999999999999112e+00 6.499999999999999112e+00 6.499999999999999112e+00 6.499999999999999112e+00 6.499999999999999112e+00 6.499999999999999112e+00 6.499999999999999112e+00 6.499999999999999112e+00 6.499999999999999112e+00 6.499999999999999112e+00
7.993576769715810215e+00 7.993576769715810215e+00 7.993576769715810215e+00 7.993576769715810215e+00 7.993576769715810215e+00 7.993576769715810215e+00 7.993576769715810215e+00 7.993576769715810215e+00 7.993576769715810215e+00 7.993576769715810215e+00 7.993576769715810215e+00 7.993576769715810215e+00
7.942355841209691292e+00 7.942355841209691292e+00 7.942355841209691292e+00 7.942355841209691292e+00 7.942355841209691292e+00 7.942355841209691292e+00 7.942355841209691292e+00 7.942355841209691292e+00 7.942355841209691292e+00 7.942355841209691292e+00 7.942355841209691292e+00 7.942355841209691292e+00
6.326866070657002794e+00 6.326866070657002794e+00 6.326866070657002794e+00 6.326866070657002794e+00 6.326866070657002794e+00 6.326866070657002794e+00 6.326866070657002794e+00 6.326866070657002794e+00 6.326866070657002794e+00 6.326866070657002794e+00 6.326866070657002794e+00 6.326866070657002794e+00
6.500000000000001776e+00 6.500000000000001776e+00 6.500000000000001776e+00 6.500000000000001776e+00 6.500000000000001776e+00 6.500000000000001776e+00 6.500000000000001776e+00 6.500000000000001776e+00 6.500000000000001776e+00 6.500000000000001776e+00 6.500000000000001776e+00 6.500000000000001776e+00
