4.353507567393287703e-01 6.445188377244894795e-01 6.338874262762977940e-01 7.114381033761184581e-01 6.750533026453235941e-01
1.767335287662078924e+00 1.799154173124556833e+00 1.808378586542214839e+00 2.060484465211950944e+00 1.837363012750933278e+00
3.225407089347336331e+00 3.221009015810920140e+00 3.202527600766749138e+00 3.234090340341969849e+00 3.216222351763271092e+00
1.917420270226965817e+00 1.888172366127722546e+00 1.894786756086550783e+00 1.858252767241933112e+00 1.880344284083265594e+00
7.026383573510976976e-01 6.420211453662227896e-01 6.429641658237766899e-01 6.456896078739687850e-01 6.731616750779557679e-01
2.454216155828293822e+01 2.455945842063238871e+01 2.456500348328783545e+01 2.459187349851003290e+01 2.456584269588810088e+01
3.202493897327810757e+00 3.219503464611241927e+00 3.257862938857162938e+00 3.200138336357890800e+00 3.192201073524633781e+00
1.868946782793117878e+00 1.891234730381501583e+00 1.902574266033864703e+00 1.902525588229097009e+00 1.897037522698895584e+00
9.401864344144152952e+00 4.313428886840388721e+00 4.294134853749571157e+00 1.052406481925438975e+01 3.125935594189445332e+00
1.834731145538489150e+00 1.807926877984999736e+00 1.810103856759917695e+00 1.776597841691687218e+00 1.819896153217450907e+00
